Input lines count : 140
Line 1 : [688, 95, 728, 896, 153]
Line 2 : [122, 509]
Line 3 : [259, 698, 373, 992, 674, 781, 584, 399, 777, 266]
Line 4 : [148, 357, 123, 756, 143]
Line 5 : [691, 700, 708, 357, 177, 244, 762, 453, 477, 707, 168, 359]
Line 6 : [443, 456, 71, 160, 183, 835, 129]
Line 7 : [578, 362, 1, 661, 730, 744, 294, 247]
Line 8 : [415, 306, 375, 76, 186]
Line 9 : [152, 75, 757, 204, 605, 77, 405, 957, 324, 404]
Line 10 : [545, 599, 43]
Line 11 : [902, 145, 741, 285, 592, 54, 522, 602]
Line 12 : [697, 16, 322, 339, 56, 792, 751]
Line 13 : [752, 826, 104, 861, 144, 883, 778, 892]
Line 14 : [968, 769, 718, 326, 493, 123, 362, 757, 570]
Line 15 : [242, 806, 509, 307, 350, 942, 614, 511, 151]
Line 16 : [235, 28, 264, 316, 522, 823]
Line 17 : [961, 136, 567, 500, 504, 765, 563]
Line 18 : [480, 984, 136, 969, 289, 757, 107, 593]
Line 19 : [924, 110, 511, 564, 389, 989, 305]
Line 20 : [110, 735, 647, 658, 509, 378, 999, 225, 937, 147, 778, 868, 871, 611]
Line 21 : [842, 589, 842]
Line 22 : [963, 634, 569, 177, 774, 132, 153, 13]
Line 23 : [723, 324, 455, 417, 849, 372, 747, 87, 358, 35, 974, 811, 990]
Line 24 : [174, 949, 182, 684, 414, 201]
Line 25 : [669, 487, 943, 740, 10, 298, 384]
Line 26 : [446, 711, 20, 343, 806, 574, 965, 776, 867]
Line 27 : [705, 804, 374, 307, 683, 830, 625, 530, 837, 272]
Line 28 : [791, 533, 966, 515]
Line 29 : [412, 764, 658, 292, 674, 98, 814, 263, 720]
Line 30 : [469, 162, 23, 64, 552, 990]
Line 31 : [365, 587, 313, 512, 983, 348, 617, 982]
Line 32 : [580, 227, 673, 808, 66, 21]
Line 33 : [781, 688, 316, 162, 440, 482, 663, 529]
Line 34 : [357, 182, 359, 553, 702, 200]
Line 35 : [733, 957, 22, 57, 657, 792, 678, 305]
Line 36 : [701, 246, 238, 553, 107, 301, 649, 555, 70, 610, 233]
Line 37 : [438, 943, 675, 955, 183, 595]
Line 38 : [719, 857, 640, 299, 202, 125, 802, 786, 277, 424, 790, 984]
Line 39 : [323, 587, 479, 553, 272, 843, 518]
Line 40 : [382, 892, 46, 359, 372, 611, 585, 487, 35]
Line 41 : [692, 697, 656, 155, 34, 681, 64, 641]
Line 42 : [885, 964, 993, 685, 863]
Line 43 : [408, 244, 893, 339, 109, 777]
Line 44 : [521, 985, 677, 734, 18, 925, 352, 843, 74, 260]
Line 45 : [445, 802, 533, 228, 612, 724]
Line 46 : [504, 177, 502, 395, 274, 396]
Line 47 : [274, 61, 504, 36, 34, 801]
Line 48 : [789, 139, 802, 674, 819, 814, 883, 915]
Line 49 : [970, 279, 117, 984, 878, 231, 168, 793]
Line 50 : [33, 875, 483, 433, 148, 581, 544, 537]
Line 51 : [839, 31, 899, 350, 621, 509, 913]
Line 52 : [947, 742, 712, 722, 159, 378, 438, 300, 381]
Line 53 : [548, 638, 827, 714, 867]
Line 54 : [998, 966, 693, 694, 781, 764, 584, 233, 58, 67, 161]
Line 55 : [509, 851, 846, 443, 658, 976, 130, 489, 594]
Line 56 : [413, 499, 384, 352, 752, 298, 577]
Line 57 : [378, 335, 813, 120, 654, 984]
Line 58 : [847, 496, 151, 741, 116, 767, 988, 87, 807, 127, 997, 621]
Line 59 : [227, 345, 699, 566, 760, 290]
Line 60 : [526, 799, 761, 413, 277, 101, 342, 589]
Line 61 : [379, 549, 97, 647, 655, 975, 216, 51, 307, 496]
Line 62 : [485, 509, 825, 554, 36, 678]
Line 63 : [73, 419, 314, 311, 946, 351]
Line 64 : [786, 824, 478, 908, 455, 254, 615, 760, 60, 562, 102]
Line 65 : [43, 808, 267, 985, 616, 189, 977, 616]
Line 66 : [45, 932, 502, 805, 943, 840, 270, 764, 750, 415, 184, 606]
Line 67 : [941, 8, 248, 633]
Line 68 : [684, 88, 396, 494, 354, 88, 58, 956, 809, 615]
Line 69 : [391, 64, 488]
Line 70 : [440, 459, 637, 519, 183, 82, 963, 307, 715, 408, 421, 292, 626]
Line 71 : [769, 470, 939, 257, 257, 109, 578, 290]
Line 72 : [897, 629, 834, 254, 798, 411, 411, 309, 218]
Line 73 : [960, 744, 433, 301, 848, 144]
Line 74 : [746, 38, 320, 471]
Line 75 : [720, 59, 260, 852, 633, 714, 510, 256, 173, 23, 850, 691]
Line 76 : [294, 434, 264, 422, 639, 378, 493, 388, 141, 539]
Line 77 : [790, 16, 633, 458]
Line 78 : [678, 184, 186, 934, 741, 887, 980, 425, 485, 732, 502, 745]
Line 79 : [98, 989, 9, 464]
Line 80 : [975, 768, 702, 979, 511, 161, 645, 44, 18, 721, 695, 348, 400, 543]
Line 81 : [769, 320, 724, 330, 188, 977, 618]
Line 82 : [879, 658, 601, 701, 490, 478, 892]
Line 83 : [844, 706, 472, 113, 765, 217, 267, 648, 973, 285]
Line 84 : [482, 853, 408, 59, 265, 364, 45]
Line 85 : [164, 309, 472, 478, 356, 328, 706, 149, 526, 27]
Line 86 : [58, 64, 766, 953, 488, 152]
Line 87 : [73, 872, 347, 27, 22, 552, 559, 435, 679, 13, 774, 177, 250, 8]
Line 88 : [977, 56, 508, 139, 747, 666]
Line 89 : [703, 102, 637, 951, 175, 552, 235, 486, 693]
Line 90 : [944, 590, 738, 861, 919, 108, 837, 963, 530, 831]
Line 91 : [93, 103, 708, 54, 496, 278, 162]
Line 92 : [860, 167, 431, 496, 858, 422, 662, 154, 405, 635]
Line 93 : [882, 611, 766, 755, 608, 951]
Line 94 : [513, 274, 226, 556, 151, 229, 681, 911]
Line 95 : [445, 375, 774, 348, 643, 302, 88, 975]
Line 96 : [664, 893, 523, 13, 825, 558, 733, 769, 991]
Line 97 : [328, 821, 935, 341, 384]
Line 98 : [756, 23, 912, 532, 879]
Line 99 : [71, 821, 684, 2, 931, 910]
Line 100 : [425, 360, 190, 69, 43]
Line 101 : [116, 127, 214, 181, 49, 444, 57, 715]
Line 102 : [859, 248, 82, 246, 376]
Line 103 : [726, 898, 772, 223, 712, 464, 342, 442, 447, 461, 102, 355, 537, 313, 596]
Line 104 : [189, 187, 807]
Line 105 : [181, 197, 653, 383, 293, 461, 22, 769, 104, 818, 36, 860, 333]
Line 106 : [827, 110, 883, 56, 111, 872]
Line 107 : [8, 321, 209, 578, 948, 548, 868, 678, 871]
Line 108 : [658, 264, 105, 640, 714]
Line 109 : [608, 963, 565, 472]
Line 110 : [717, 14, 702, 604, 608, 12, 599, 423]
Line 111 : [999, 780, 406, 278, 600, 23, 407, 964]
Line 112 : [308, 183, 758, 360, 127, 696, 839]
Line 113 : [277, 449, 881, 205, 345, 572, 733, 796]
Line 114 : [659, 665, 292]
Line 115 : [887, 711, 213, 434, 949, 761, 856, 233, 996]
Line 116 : [103, 149]
Line 117 : [894, 292, 425, 259, 995, 927, 813, 326, 439, 379, 547, 292]
Line 118 : [901, 678, 346, 875, 653]
Line 119 : [56, 887, 540, 824, 414, 629, 893, 34, 334, 731]
Line 120 : [338, 592, 573, 759, 598, 692, 474, 304]
Line 121 : [263, 93, 541, 138, 260, 187, 436]
Line 122 : [895, 744, 92, 23, 853, 443, 12, 339]
Line 123 : [284, 59, 131, 792, 679, 994]
Line 124 : [267, 176, 743, 631, 856]
Line 125 : [684, 773, 617, 965, 958, 777]
Line 126 : [572, 190, 694, 882, 511, 788]
Line 127 : [119, 954, 81, 836, 161, 730]
Line 128 : [68, 924, 644, 654, 842, 473, 449, 936, 305, 980]
Line 129 : [188, 672, 596, 473, 418, 302, 7, 621, 476, 938]
Line 130 : [824, 303, 486, 907, 686]
Line 131 : [869, 976, 478, 56, 415, 605, 129, 701, 626, 157]
Line 132 : [455, 306, 876, 829, 430, 956, 15, 302]
Line 133 : [43, 998, 106, 486, 982]
Line 134 : [50, 231, 409, 72, 716, 51, 284, 350]
Line 135 : [94, 516, 775, 701, 744, 541]
Line 136 : [810, 34, 899, 972, 27]
Line 137 : [762, 394, 355, 401, 347, 853, 967, 86, 663]
Line 138 : [991, 686, 25, 286, 653, 914, 580]
Line 139 : [784, 498, 691, 91]
Line 140 : [791, 462, 193, 8, 57, 685, 90, 371, 996]
